
Kony_Desktop_Web=9.5.52.v202503251056
Kony_Desktop_Web=9.5.54.v202505141408
MobileFabric_Client_SDK=9.5.51.v202502281124
MobileFabric_Client_SDK=9.5.53.v202504181157
Kony_Reference_Architecture=9.5.35.v202407180603
SPA=9.5.52.v202503251059
SPA=9.5.54.v202505141409
Third_Party_Jars_Plug-in=9.5.30.v202404260932
Kony_Web_Commons=9.5.52.202503251057
Kony_Web_Commons=9.5.54.202505141406
Kony_Studio=9.5.43.v202411071635